1
XAU 17.53 18.56 1.50
EUR 2.85 1.50 5.10
USD 30.33 62.07 19.61
2
EUR 10.83 37.98 14.00
XAU 24.76 12.56 6.35
USD 62.45 11.33 34.87
3
EUR 3.75 5.11 11.54
USD 70.23 6.13 10.27
XAU 13.41 7.77 5.41
4
EUR 14.56 10.15 65.97
USD 9.26 12.64 10.03
XAU 60.15 45.90 1.50
5
EUR 1.50 20.96 5.42
XAU 1.50 17.18 31.41
USD 23.19 52.59 9.65
6
USD 22.78 27.44 12.02
XAU 16.70 35.91 19.26
EUR 44.31 1.50 32.18
7
USD 1.50 47.57 28.20
XAU 7.36 55.33 11.37
EUR 25.63 11.88 6.26
8
EUR 64.35 35.80 1.50
USD 30.96 66.83 1.50
XAU 12.39 9.89 17.68
9
EUR 10.66 48.72 16.03
XAU 15.39 12.20 35.51
USD 17.76 30.29 43.68
10
EUR 1.50 1.50 41.85
USD 25.42 2.81 33.32
XAU 7.10 29.54 60.48
11
USD 42.65 19.96 10.33
EUR 16.64 2.69 25.58
XAU 29.73 3.17 1.50
12
XAU 11.31 26.64 2.77
EUR 7.87 40.55 10.19
USD 13.98 23.69 72.95